18
029 24 9917 .5 2
       441 1 24 .5 1 .25
       699 1 2 0 1 0
565 74 6826 1 2
       315 1 52 1 1 0
       613 1 12 0 1 .25
503 48 0931 1 3
       326 1 49 0 1 0
       327 3 30 0 0 0
       428 1 35 .5 1 .25
396 34 8569 1 3
       492 1 21 1 1 .25
       647 1 5 .5 1 .25
       699 1 1 0 1 0
388 40 8583 1 4
       331 1 23 0 1 .25
       333 2 20 0 0 0
       657 1 8 0 1 .25
       699 1 1 0 1 0
162 32 1177 1 2
       453 1 8 0 1 .25
       614 1 7 0 1 .25
556 48 7006 1 3
       617 1 12 1 1 .5
       699 1 3 0 1 0
       800 1 1 0 1 0
575 34 4049 1 4
       371 1 48 0 1 0
       492 1 11 1 1 .25
       499 1 1 0 1 0
       699 1 1 0 1 0
349 28 4921 1 2
       260 1 17 2 1 .25
       311 1 53 0 1 0
348 26 8938 .5 3
       660 1 30 .5 1 0
       692 1 22 0 1 0
       699 1 3 0 1 0
530 30 4232 1 3
       360 1 31 1 1 .25
       446 1 21 0 1 .25
       699 1 1 0 1 0
576 22 5154 1 5
       323 1 50 0 1 0
       324 3 56 0 0 0
       425 1 17 .5 1 .25
       4990 1 10 0 0 0
       699 1 2 0 1 0
010 23 2856 1 2
       424 1 6 1 1 .25
       693 1 5 2 1 .25
152 12 0686 1 3
       372 1 15 0 1 .25
       473 1 7 2 1 .25
       699 1 2 0 1 0
128 28 6397 1 4
       461 1 19 0 1 .25
       462 1 17 0 0 0
       467 1 16 1 1 .5
       699 1 2 0 1 0
309 20 7398 .5 2
       313 3 53 0 1 0
       492 1 9 2 1 .25
216 48 2255 1 3
       451 1 29 0 1 .25
       452 2 16 0 0 0
       652 1 5 0 1 .25
575 20 8213 0 2
       477 1 10 1 1 .25
       699 1 1 0 1 0
