58
12
71 182 250 400 1000 286 400 700 700 700 1400 2100
630000
ASUKA, LESLIE S.:576-64-6164:70 31 16 0 5 0 0 95 83 86 65 77
BARTLETT, ELLEN A.:009-42-3692:70 40 0 25 8 23 25 26 49 61 26 62
CHIU, DENNIS D.:575-76-6909:83 52 28 20 7 32 20 70 90 92 51 82
CHUNG, KIRBY:576-60-2764:100 41 17 23 8 31 20 57 61 85 60 79
DARRELL, GEORGE S.:032-26-5125:98 55 29 14 7 22 25 20 91 74 53 69
DAVIS, JOHN A.:551-27-1516:48 0 22 21 8 35 25 30 78 52 40 57
DEUTSCH, JONATHAN D.:575-76-6577:77 42 14 0 10 10 25 23 67 70 33 68
FERNANDEZ, NOEL G.:586-62-7157:68 36 20 22 9 35 19 45 93 85 44 81
FONG, RANDALL L.:576-70-4368:110 43 31 19 8 35 19 70 82 84 42 78
FOX, BRUCE:575-70-8015:86 43 24 25 8 24 23 63 73 67 79 69
FUKUDA, DEREK Y.:575-84-4276:88 37 25 21 10 0 25 78 68 68 43 72
HALLSTROM, GREGORY A.:535-48-3959:96 38 14 22 10 35 25 43 79 91 74 74
HARUNO, CLYDE Y.:575-94-8208:118 36 0 14 5 35 24 80 66 83 59 79
HASENYAGER, JAMES D.:576-64-1493:78 35 18 0 8 30 17 30 93 59 64 70
HESTON, DAVID D.:521-82-0145:95 44 21 19 9 31 24 65 86 81 81 78
HIGA, TIMOTHY S.:576-90-3062:110 55 28 23 0 33 19 90 91 79 70 81
HIRANO, WESLEY M.:576-48-5955:138 48 36 25 10 33 23 86 100 88 76 87
HIROSE, CHRIS M.:576-90-6202:60 18 0 0 0 0 0 46 53 27 48 0
HO, KWAN-YING:576-78-0404:87 31 0 12 0 35 21 65 46 63 68 66
ILLINGWORTH, THOMAS:000-00-0000:58 0 0 0 0 0 0 20 44 59 63 65
IMPERIAL, JOHN V.:575-64-2108:48 28 0 12 6 0 0 17 64 50 58 60
INAO, NEWTON M.:576-54-9499:76 19 0 23 9 30 20 40 73 77 51 74
INOUYE, MICHAEL S.:576-70-3810:94 41 0 0 8 33 23 43 76 80 62 72
ISHIHARA, WESLEY T.:576-84-4390:0 35 0 0 4 0 19 95 77 72 59 76
KAHOOKELE, KEVIN:576-58-1936:0 0 0 0 0 0 0 33 90 59 0 8
KAWANO, GLADYS S.:576-86-6849:0 0 0 16 0 0 0 43 52 63 53 53
KWOK, CHI-KONG SIMON:999-20-3233:128 36 27 22 9 3 20 83 84 75 78 74
LEGASPI, CONRADO S.:000-00-0000:50 0 15 0 4 13 0 16 69 54 49 64
LIU, DERRICK K. T.:576-70-9726:117 38 15 21 6 28 17 55 77 81 74 71
MA, LILY Y. C.:576-76-5576:88 37 21 23 9 22 22 39 63 70 50 67
MENDOZA, EDGAR E.:586-09-3304:81 31 19 18 8 35 18 26 72 67 50 78
MIYAHARA, CALVIN T.:575-92-5835:68 17 20 21 9 18 24 16 41 80 52 63
MIYAMOTO, GORDON K.:576-54-9770:84 0 0 19 0 0 0 55 61 73 66 75
NAKAGAWA, ERIC S.:575-84-8825:70 34 0 18 0 35 0 16 49 77 30 54
NAKAMOTO, NOBU M.:575-72-7790:140 47 24 23 0 30 24 83 95 78 74 88
NAKATA, ROBERT H.:576-76-6838:138 33 24 21 8 35 0 53 0 0 0 77
OHYE, RICHARD Y.:576-56-2019:107 38 28 19 8 26 25 73 81 81 58 77
ORNELLAS, LAWRENCE G.:575-84-8995:130 40 32 22 8 33 25 90 85 84 76 90
PRIETO, ALBINO C.:575-64-9478:87 42 16 20 6 33 19 48 78 73 63 64
SASAKI, GALEN H.:575-60-8755:140 53 37 25 10 33 21 81 90 92 84 84
SHIMABUKURO, RANDY L.:575-84-4113:118 25 27 23 8 32 23 68 83 83 76 77
SHIMODA, RANDALL T.:576-76-7658:46 10 0 0 0 12 15 16 61 53 40 50
SHIRAISHI, ALLAN H.:546-25-9596:30 0 0 0 0 0 0 16 52 52 32 24
SORAYAMA, CLAYTON TO.:575-50-8788:108 25 0 0 9 30 20 33 82 79 54 74
TAKATANI, RICHARD I.:576-48-8997:85 43 24 23 10 29 24 56 93 72 73 100
TAKAYANAGI, KARL A.:575-94-9895:107 41 11 20 0 0 0 15 71 75 52 73
TERAOKA, BRIAN T.:576-76-6835:120 52 25 25 8 33 25 75 80 66 67 82
TSUTSUI, RUSSELL I.:576-70-9524:110 0 0 0 0 0 0 16 23 0 0 0
UMNUSS, PILAR J.:264-53-1652:88 45 22 13 8 31 25 40 61 81 75 65
WONG, STEVEN K. H.:576-76-6720:138 55 33 25 10 33 24 100 86 77 94 85
WONG, YIU-TIM:576-86-5754:140 25 0 0 0 0 0 70 80 89 75 87
YAMAGUCHI, DEXTER M.:559-23-0660:130 45 36 22 8 33 0 80 79 91 85 82
YAMAGUCHI, KEITH K.:575-86-3221:95 40 0 23 5 29 25 33 90 69 74 81
YAMAOKA, ALAN H.:576-90-4373:136 19 0 20 9 0 0 30 22 68 48 69
YOUNG, ELAINE E.:575-78-0203:110 35 24 20 8 33 25 50 97 93 68 81
YOUNG, LORI ANN Y. L.:575-50-9877:75 26 10 20 10 31 14 28 69 69 66 70
YOUNG, RONALD G.:576-50-4722:0 21 0 15 0 0 0 16 72 86 75 56
YUEN, SHERILL:576-92-9781:134 41 16 21 9 30 25 53 90 85 86 82