56
10
77 100 143 100 167 167 167 525 525 1050
278040
AKEE, HOWARD H., II:576-70-2808:129 98 70 98 60 60 60 88 78 92
ASHMAN, KATSUMI:567-33-1044:106 85 64 78 53 50 53 67 82 60
BAJET, EDWIN, JR.:575-92-5879:118 83 52 78 60 60 60 57 65 0
CADAVONA, EUGENE R.:576-66-2686:130 100 70 99 60 60 59 91 85 78
CAMPBELL, EDWARD F., JR.:228-94-8293:130 98 70 85 60 60 60 67 93 82
CHAN, WINGYUEN:999-20-6119:0 97 68 70 60 59 60 77 72 78
CHEW, GEORGE H.:466-19-6538:129 100 69 100 58 60 60 61 60 76
CHIANG, SZEPUI C.:999-20-5097:116 90 58 84 35 60 59 75 75 72
CHINA, WANDA:575-74-3734:99 0 70 0 56 0 60 73 50 65
CHING, RANDY W. G.:575-84-3049:114 87 68 90 54 45 0 93 90 88
CHOW, DEBRA P. L.:576-70-5460:128 30 70 100 60 45 60 83 79 84
COBB-ADAMS, SMITH:576-70-8241:128 90 70 100 51 60 59 76 95 74
DANG, DAVID M. C. P.:576-90-3207:104 83 70 95 58 60 60 71 85 84
DHANYANGKUN, WIMOLWAN:576-97-7740:129 98 69 100 51 0 59 73 73 66
FOURQUREAN, JAMES E.:315-48-0761:128 88 69 74 56 15 58 66 81 84
GEITER, JISOO A.:576-78-7348:130 100 69 100 60 60 60 82 90 75
GRAY, PHILLIP S.:544-74-6624:91 70 49 70 42 42 42 87 80 81
HAMMOND, DIXIE A.:495-44-3607:129 93 68 100 55 60 60 56 80 84
HAYASHI, JILL K.:575-56-1466:117 81 70 88 55 60 60 64 55 86
HILL, CHARLES C.:576-68-0296:110 94 70 99 60 55 60 70 95 87
IKEDA, SHARON M.:461-88-0384:130 99 66 100 53 44 60 55 100 68
IP, KAMSING F.:576-02-6046:128 99 67 100 59 59 60 69 77 78
KATEKARU, LISA A.:576-90-9717:73 97 70 100 60 59 60 84 95 92
KONG, RANDAL:575-74-7313:126 0 0 0 20 0 0 45 63 49
KURASHIMA, PEARL R.:575-78-2323:105 60 36 0 0 0 0 62 58 66
KWAN, SHIUWAH P.:999-20-6216:129 91 65 82 60 54 60 80 70 88
LEE, YUEN S.:575-90-6919:0 0 0 0 0 0 0 84 90 76
LEONG, SAMSON:575-86-1145:79 97 70 0 51 0 58 84 85 80
LEUNG,MUN YE:999-20-6081:73 89 70 100 60 54 60 77 97 84
MANYANONOH, PATIPAN:575-92-6689:125 88 70 95 60 60 60 56 77 52
MICHAUD, WALTER J.:036-36-1229:119 0 0 0 0 0 0 63 72 55
MIYANO, SCOTT M.:575-76-9506:130 82 63 95 60 58 60 92 55 44
MURAKAMI, MYLES Y.:575-74-8456:127 95 70 85 58 60 60 81 95 80
NAKAMURA, CURTIS M.:575-74-2018:128 93 70 100 58 58 60 54 47 64
NISHIMURA, JEFFREY H.:576-44-9838:118 100 70 100 50 60 60 75 87 90
OIE, LAUREN L.:576-70-1308:118 81 66 0 55 60 40 69 59 46
OKIMOTO, ALAN S.:575-64-1369:109 75 46 85 49 60 60 82 69 80
OSHIRO, COLIN T.:576-88-7586:129 70 69 95 53 30 58 78 95 80
OSHIRO, SELA A.:576-88-3712:129 90 0 0 53 0 0 41 0 0
PANELA, ALFRED M.:575-84-0985:116 97 70 95 60 55 60 74 80 88
SALAT, JAMES. S:484-58-3086:120 0 0 0 54 60 60 61 95 84
SATO, STANLEY T.:575-78-0998:117 77 60 97 60 60 60 67 80 80
SHIBANO, KRIS Y.:576-76-8255:104 91 63 84 58 59 58 72 74 58
SHIIGI, CLYDE:575-68-6108:117 0 54 79 55 58 55 57 75 75
SNEATH, JAMES K.:372-48-4957:130 100 69 95 60 55 60 59 87 82
SUEHIRO, JILL M.:575-92-4611:129 67 66 100 60 60 60 64 70 74
TAI, KONGMEI M.:575-96-0835:108 97 63 85 45 60 60 87 69 84
TAKASUGI, LLOYD S.:552-72-9446:124 84 67 96 57 50 60 82 95 71
TAKETA, EDWARD A.:576-90-0832:130 100 70 100 60 59 60 69 100 81
TANAKA, LESLEY C.:576-62-4225:117 92 63 84 55 60 60 78 95 84
TAO, JAMES Y.:999-20-5588:130 100 70 99 60 55 59 78 77 76
UEHARA, KEITH K.:575-74-0031:124 88 70 69 60 30 60 83 88 78
VILLAVERDE, RUDOLPH E.:586-66-0115:130 100 69 100 60 60 60 76 92 87
WONG, SHINGKEUNG J.:576-98-6235:127 97 70 85 60 60 59 75 98 74
YAMANAKA, STEVEN M.:575-92-4350:130 100 70 100 60 59 60 97 100 94
ZIGNEIGO, ANTHONY P.:475-28-8950:123 0 69 100 43 0 60 61 78 70
